2 0.426562 0.547222 0.11875 0.138889 
2 0.297656 0.518056 0.0515625 0.0638889 
2 0.953906 0.556944 0.0921875 0.108333 
2 0.373437 0.515278 0.075 0.119444 
2 0.254687 0.511111 0.034375 0.0444444 
2 0.851562 0.551389 0.115625 0.0861111 
0 0.15625 0.541667 0.028125 0.127778 
2 0.175781 0.519444 0.0796875 0.1 
7 0.665625 0.586111 0.2875 0.316667 
2 0.790625 0.519444 0.075 0.0666667 
2 0.664062 0.5875 0.284375 0.313889 
2 0.222656 0.505556 0.0203125 0.0333333 
2 0.24375 0.502778 0.028125 0.0388889 
2 0.339063 0.509722 0.01875 0.0916667 
