2 0.420312 0.544444 0.115625 0.133333 
2 0.914844 0.723611 0.170312 0.541667 
2 0.296875 0.518056 0.05 0.0638889 
2 0.853125 0.55 0.10625 0.0833333 
2 0.254687 0.511111 0.034375 0.0444444 
0 0.157813 0.540278 0.028125 0.125 
2 0.373437 0.515278 0.071875 0.119444 
2 0.779688 0.533333 0.096875 0.0944444 
7 0.639844 0.581944 0.270312 0.302778 
2 0.176563 0.519444 0.078125 0.1 
2 0.640625 0.583333 0.26875 0.3 
2 0.339063 0.508333 0.021875 0.0944444 
2 0.24375 0.502778 0.028125 0.0388889 
2 0.222656 0.505556 0.0203125 0.0333333 
