2 0.417969 0.543056 0.114063 0.130556 
2 0.894531 0.723611 0.210938 0.541667 
2 0.296094 0.518056 0.0515625 0.0638889 
2 0.253906 0.509722 0.0359375 0.0416667 
7 0.632812 0.579167 0.265625 0.297222 
2 0.371875 0.513889 0.06875 0.116667 
2 0.852344 0.548611 0.104687 0.0805556 
0 0.159375 0.540278 0.028125 0.125 
2 0.776563 0.534722 0.103125 0.0972222 
2 0.178125 0.519444 0.075 0.1 
2 0.630469 0.580556 0.257812 0.294444 
2 0.341406 0.508333 0.0265625 0.0944444 
2 0.223438 0.505556 0.021875 0.0333333 
2 0.24375 0.504167 0.028125 0.0416667 
0 0.128906 0.506944 0.0140625 0.0583333 
