2 0.422656 0.545833 0.117188 0.136111 
2 0.296875 0.518056 0.05 0.0638889 
2 0.925 0.743056 0.15 0.502778 
2 0.854688 0.551389 0.109375 0.0861111 
2 0.254687 0.511111 0.034375 0.0444444 
0 0.157031 0.541667 0.0265625 0.127778 
2 0.954687 0.552778 0.090625 0.1 
2 0.782031 0.533333 0.0921875 0.0944444 
2 0.373437 0.515278 0.071875 0.119444 
7 0.644531 0.581944 0.279687 0.308333 
2 0.176563 0.519444 0.078125 0.1 
2 0.645312 0.583333 0.278125 0.305556 
2 0.24375 0.502778 0.028125 0.0388889 
2 0.339063 0.508333 0.021875 0.0944444 
2 0.222656 0.505556 0.0203125 0.0333333 
3 0.157031 0.569444 0.0453125 0.0722222 
