2 0.297656 0.518056 0.0515625 0.0638889 
2 0.425781 0.545833 0.117188 0.136111 
2 0.853125 0.551389 0.1125 0.0861111 
2 0.254687 0.511111 0.034375 0.0444444 
2 0.373437 0.515278 0.075 0.119444 
2 0.953906 0.555556 0.0921875 0.105556 
0 0.15625 0.541667 0.025 0.127778 
7 0.658594 0.5875 0.282813 0.308333 
2 0.7875 0.531944 0.08125 0.0916667 
2 0.176563 0.519444 0.08125 0.1 
2 0.657812 0.5875 0.28125 0.308333 
2 0.94375 0.720833 0.1125 0.552778 
2 0.222656 0.505556 0.0203125 0.0333333 
2 0.244531 0.502778 0.0296875 0.0388889 
