2 0.420312 0.544444 0.115625 0.133333 
2 0.296875 0.518056 0.05 0.0638889 
2 0.909375 0.730556 0.18125 0.527778 
2 0.253906 0.511111 0.0359375 0.0444444 
0 0.157813 0.540278 0.028125 0.125 
7 0.638281 0.580556 0.270312 0.3 
2 0.372656 0.515278 0.0703125 0.119444 
2 0.853125 0.55 0.10625 0.0833333 
2 0.776563 0.533333 0.103125 0.0944444 
2 0.175781 0.519444 0.0796875 0.1 
2 0.339844 0.508333 0.0234375 0.0944444 
2 0.639063 0.581944 0.265625 0.297222 
2 0.222656 0.505556 0.0203125 0.0333333 
2 0.24375 0.504167 0.028125 0.0416667 
7 0.776563 0.533333 0.103125 0.0944444 
