2 0.423438 0.545833 0.115625 0.136111 
2 0.296875 0.518056 0.05 0.0638889 
2 0.932031 0.740278 0.135937 0.513889 
2 0.854688 0.551389 0.109375 0.0861111 
2 0.254687 0.511111 0.034375 0.0444444 
2 0.372656 0.515278 0.0734375 0.119444 
2 0.953906 0.554167 0.0921875 0.0972222 
0 0.157813 0.541667 0.028125 0.127778 
2 0.782812 0.533333 0.090625 0.0944444 
7 0.647656 0.583333 0.282813 0.305556 
2 0.176563 0.519444 0.078125 0.1 
2 0.647656 0.584722 0.282813 0.308333 
2 0.24375 0.502778 0.028125 0.0388889 
2 0.339063 0.509722 0.021875 0.0916667 
2 0.222656 0.505556 0.0203125 0.0333333 
3 0.157031 0.569444 0.0453125 0.0722222 
