2 0.428125 0.547222 0.11875 0.138889 
2 0.297656 0.518056 0.0515625 0.0638889 
2 0.953906 0.555556 0.0921875 0.105556 
2 0.853125 0.551389 0.1125 0.0861111 
2 0.374219 0.516667 0.0734375 0.122222 
2 0.254687 0.511111 0.034375 0.0444444 
0 0.157813 0.541667 0.03125 0.127778 
2 0.176563 0.519444 0.08125 0.1 
2 0.790625 0.519444 0.075 0.0666667 
7 0.667969 0.5875 0.289062 0.319444 
2 0.667969 0.5875 0.289062 0.319444 
2 0.223438 0.504167 0.021875 0.0361111 
2 0.339844 0.509722 0.0203125 0.0916667 
2 0.24375 0.502778 0.028125 0.0388889 
